0   0   0 0x80
0   17  5 0x88
0   35  3 0x89
0   45  6 0x8D
0   53  1 0x8A
0   60  4 0x82
0   79  2 0x87
0   94  7 0x83
1   1   0 0x84
1   17  5 0x88
1   35  3 0x89
1   44  6 0x89
1   53  1 0x8A
1   61  4 0x86
1   78  2 0x83
1   94  7 0x87
2   23  7 0x8C
2   25  0 0x85
2   41  5 0x8D
2   59  3 0x8E
2   6   2 0x80
2   66  6 0x82
2   77  1 0x8F
2   85  4 0x87
3   23  7 0x8C
3   24  0 0x81
3   41  5 0x8D
3   59  3 0x8E
3   67  6 0x86
3   7   2 0x84
3   77  1 0x8F
3   84  4 0x83
4   12  4 0x80
4   31  2 0x85
4   4   1 0x84
4   47  7 0x8D
4   50  0 0x8A
4   65  5 0x8E
4   83  3 0x8F
4   91  6 0x87
5   13  4 0x84
5   30  2 0x81
5   4   1 0x84
5   47  7 0x8D
5   51  0 0x8E
5   65  5 0x8E
5   83  3 0x8F
5   90  6 0x83
6   10  3 0x84
6   18  6 0x80
6   28  1 0x85
6   37  4 0x85
6   56  2 0x8A
6   71  7 0x8E
6   75  0 0x8F
6   89  5 0x8F
7   10  3 0x84
7   19  6 0x84
7   28  1 0x85
7   36  4 0x81
7   57  2 0x8E
7   71  7 0x8E
7   74  0 0x8B
7   89  5 0x8F
8   16  5 0x84
8   2   0 0x88
8   34  3 0x85
8   43  6 0x85
8   52  1 0x86
8   62  4 0x8A
8   81  2 0x8F
8   95  7 0x8F
9   16  5 0x84
9   3   0 0x8C
9   34  3 0x85
9   42  6 0x81
9   52  1 0x86
9   63  4 0x8E
9   80  2 0x8B
9   95  7 0x8F
10  22  7 0x80
10  27  0 0x8D
10  40  5 0x81
10  58  3 0x82
10  68  6 0x8A
10  76  1 0x83
10  8   2 0x88
10  87  4 0x8F
11  22  7 0x80
11  26  0 0x89
11  40  5 0x81
11  58  3 0x82
11  69  6 0x8E
11  76  1 0x83
11  86  4 0x8B
11  9   2 0x8C
12  14  4 0x88
12  33  2 0x8D
12  46  7 0x81
12  48  0 0x82
12  5   1 0x88
12  64  5 0x82
12  82  3 0x83
12  93  6 0x8F
13  15  4 0x8C
13  32  2 0x89
13  46  7 0x81
13  49  0 0x86
13  5   1 0x88
13  64  5 0x82
13  82  3 0x83
13  92  6 0x8B
14  11  3 0x88
14  20  6 0x88
14  29  1 0x89
14  39  4 0x8D
14  54  2 0x82
14  70  7 0x82
14  73  0 0x87
14  88  5 0x83
15  11  3 0x88
15  21  6 0x8C
15  29  1 0x89
15  38  4 0x89
15  55  2 0x86
15  70  7 0x82
15  72  0 0x83
15  88  5 0x83
16  0   0 0xA8
16  17  5 0xB4
16  35  3 0xB5
16  45  6 0xB5
16  53  1 0xB6
16  60  4 0xAA
16  79  2 0xAF
16  94  7 0xAB
17  1   0 0xAC
17  17  5 0xB4
17  35  3 0xB5
17  44  6 0xB1
17  53  1 0xB6
17  61  4 0xAE
17  78  2 0xAB
17  94  7 0xAF
18  23  7 0xB0
18  25  0 0xAD
18  41  5 0xB1
18  59  3 0xB2
18  6   2 0xA8
18  66  6 0xAA
18  77  1 0xB3
18  85  4 0xAF
19  23  7 0xB0
19  24  0 0xA9
19  41  5 0xB1
19  59  3 0xB2
19  67  6 0xAE
19  7   2 0xAC
19  77  1 0xB3
19  84  4 0xAB
20  12  4 0xA8
20  31  2 0xAD
20  4   1 0xA8
20  47  7 0xB1
20  50  0 0xB2
20  65  5 0xB2
20  83  3 0xB3
20  91  6 0xAF
21  13  4 0xAC
21  30  2 0xA9
21  4   1 0xA8
21  47  7 0xB1
21  51  0 0xB6
21  65  5 0xB2
21  83  3 0xB3
21  90  6 0xAB
22  10  3 0xA8
22  18  6 0xA8
22  28  1 0xA9
22  37  4 0xAD
22  56  2 0xB2
22  71  7 0xB2
22  75  0 0xB7
22  89  5 0xB3
23  10  3 0xA8
23  19  6 0xAC
23  28  1 0xA9
23  36  4 0xA9
23  57  2 0xB6
23  71  7 0xB2
23  74  0 0xB3
23  89  5 0xB3
24  16  5 0xA8
24  2   0 0xB0
24  34  3 0xA9
24  43  6 0xAD
24  52  1 0xAA
24  62  4 0xB2
24  81  2 0xB7
24  95  7 0xB3
25  16  5 0xA8
25  3   0 0xB4
25  34  3 0xA9
25  42  6 0xA9
25  52  1 0xAA
25  63  4 0xB6
25  80  2 0xB3
25  95  7 0xB3
26  22  7 0xAC
26  27  0 0xB5
26  40  5 0xAD
26  58  3 0xAE
26  68  6 0xB2
26  76  1 0xAF
26  8   2 0xB0
26  87  4 0xB7
27  22  7 0xAC
27  26  0 0xB1
27  40  5 0xAD
27  58  3 0xAE
27  69  6 0xB6
27  76  1 0xAF
27  86  4 0xB3
27  9   2 0xB4
28  14  4 0xB0
28  33  2 0xB5
28  46  7 0xAD
28  48  0 0xAA
28  5   1 0xB4
28  64  5 0xAE
28  82  3 0xAF
28  93  6 0xB7
29  15  4 0xB4
29  32  2 0xB1
29  46  7 0xAD
29  49  0 0xAE
29  5   1 0xB4
29  64  5 0xAE
29  82  3 0xAF
29  92  6 0xB3
30  11  3 0xB4
30  20  6 0xB0
30  29  1 0xB5
30  39  4 0xB5
30  54  2 0xAA
30  70  7 0xAE
30  73  0 0xAF
30  88  5 0xAF
31  11  3 0xB4
31  21  6 0xB4
31  29  1 0xB5
31  38  4 0xB1
31  55  2 0xAE
31  70  7 0xAE
31  72  0 0xAB
31  88  5 0xAF
