0   0   b  0
16  0   b  0
1   1   b  0
17  1   b  0
24  2   b  1
8   2   b  1
25  3   b  1
9   3   b  1
20  4   b  2
21  4   b  2
4   4   b  2
5   4   b  2
12  5   b  3
13  5   b  3
28  5   b  3
29  5   b  3
18  6   b  4
2   6   b  4
19  7   b  4
3   7   b  4
10  8   b  5
26  8   b  5
11  9   b  5
27  9   b  5
22  10  b  6
23  10  b  6
6   10  b  6
7   10  b  6
14  11  b  7
15  11  b  7
30  11  b  7
31  11  b  7
20  12  b  0
4   12  b  0
21  13  b  0
5   13  b  0
12  14  b  1
28  14  b  1
13  15  b  1
29  15  b  1
24  16  b  2
25  16  b  2
8   16  b  2
9   16  b  2
0   17  b  3
1   17  b  3
16  17  b  3
17  17  b  3
22  18  b  4
6   18  b  4
23  19  b  4
7   19  b  4
14  20  b  5
30  20  b  5
15  21  b  5
31  21  b  5
10  22  b  6
11  22  b  6
26  22  b  6
27  22  b  6
18  23  b  7
19  23  b  7
2   23  b  7
3   23  b  7
19  24  b  0
3   24  b  0
18  25  b  0
2   25  b  0
11  26  b  1
27  26  b  1
10  27  b  1
26  27  b  1
22  28  b  2
23  28  b  2
6   28  b  2
7   28  b  2
14  29  b  3
15  29  b  3
30  29  b  3
31  29  b  3
21  30  b  4
5   30  b  4
20  31  b  4
4   31  b  4
13  32  b  5
29  32  b  5
12  33  b  5
28  33  b  5
24  34  b  6
25  34  b  6
8   34  b  6
9   34  b  6
0   35  b  7
1   35  b  7
16  35  b  7
17  35  b  7
23  36  b  0
7   36  b  0
22  37  b  0
6   37  b  0
15  38  b  1
31  38  b  1
14  39  b  1
30  39  b  1
10  40  b  2
11  40  b  2
26  40  b  2
27  40  b  2
18  41  b  3
19  41  b  3
2   41  b  3
3   41  b  3
25  42  b  4
9   42  b  4
24  43  b  4
8   43  b  4
1   44  b  5
17  44  b  5
0   45  b  5
16  45  b  5
12  46  b  6
13  46  b  6
28  46  b  6
29  46  b  6
20  47  b  7
21  47  b  7
4   47  b  7
5   47  b  7
12  48  b  0
28  48  b  0
13  49  b  0
29  49  b  0
20  50  b  1
4   50  b  1
21  51  b  1
5   51  b  1
24  52  b  2
25  52  b  2
8   52  b  2
9   52  b  2
0   53  b  3
1   53  b  3
16  53  b  3
17  53  b  3
14  54  b  4
30  54  b  4
15  55  b  4
31  55  b  4
22  56  b  5
6   56  b  5
23  57  b  5
7   57  b  5
10  58  b  6
11  58  b  6
26  58  b  6
27  58  b  6
18  59  b  7
19  59  b  7
2   59  b  7
3   59  b  7
0   60  b  0
16  60  b  0
1   61  b  0
17  61  b  0
24  62  b  1
8   62  b  1
25  63  b  1
9   63  b  1
12  64  b  2
13  64  b  2
28  64  b  2
29  64  b  2
20  65  b  3
21  65  b  3
4   65  b  3
5   65  b  3
18  66  b  4
2   66  b  4
19  67  b  4
3   67  b  4
10  68  b  5
26  68  b  5
11  69  b  5
27  69  b  5
14  70  b  6
15  70  b  6
30  70  b  6
31  70  b  6
22  71  b  7
23  71  b  7
6   71  b  7
7   71  b  7
15  72  b  0
31  72  b  0
14  73  b  0
30  73  b  0
23  74  b  1
7   74  b  1
22  75  b  1
6   75  b  1
10  76  b  2
11  76  b  2
26  76  b  2
27  76  b  2
18  77  b  3
19  77  b  3
2   77  b  3
3   77  b  3
17  78  b  4
1   78  b  4
0   79  b  4
16  79  b  4
25  80  b  5
9   80  b  5
24  81  b  5
8   81  b  5
12  82  b  6
13  82  b  6
28  82  b  6
29  82  b  6
20  83  b  7
21  83  b  7
4   83  b  7
5   83  b  7
19  84  b  0
3   84  b  0
18  85  b  0
2   85  b  0
11  86  b  1
27  86  b  1
10  87  b  1
26  87  b  1
14  88  b  2
15  88  b  2
30  88  b  2
31  88  b  2
22  89  b  3
23  89  b  3
6   89  b  3
7   89  b  3
21  90  b  4
5   90  b  4
20  91  b  4
4   91  b  4
13  92  b  5
29  92  b  5
12  93  b  5
28  93  b  5
0   94  b  6
16  94  b  6
17  94  b  6
1   94  b  6
24  95  b  7
25  95  b  7
8   95  b  7
9   95  b  7
