0   0   f  0
16  0   f  0
1   1   f  0
17  1   f  0
24  2   f  1
8   2   f  1
25  3   f  1
9   3   f  1
20  4   f  2
21  4   f  2
4   4   f  2
5   4   f  2
12  5   f  3
13  5   f  3
28  5   f  3
29  5   f  3
18  6   f  4
2   6   f  4
19  7   f  4
3   7   f  4
10  8   f  5
26  8   f  5
11  9   f  5
27  9   f  5
22  10  f  6
23  10  f  6
6   10  f  6
7   10  f  6
14  11  f  7
15  11  f  7
30  11  f  7
31  11  f  7
20  12  f  0
4   12  f  0
21  13  f  0
5   13  f  0
12  14  f  1
28  14  f  1
13  15  f  1
29  15  f  1
24  16  f  2
25  16  f  2
8   16  f  2
9   16  f  2
0   17  f  3
1   17  f  3
16  17  f  3
17  17  f  3
22  18  f  4
6   18  f  4
23  19  f  4
7   19  f  4
14  20  f  5
30  20  f  5
15  21  f  5
31  21  f  5
10  22  f  6
11  22  f  6
26  22  f  6
27  22  f  6
18  23  f  7
19  23  f  7
2   23  f  7
3   23  f  7
19  24  f  0
3   24  f  0
18  25  f  0
2   25  f  0
11  26  f  1
27  26  f  1
10  27  f  1
26  27  f  1
22  28  f  2
23  28  f  2
6   28  f  2
7   28  f  2
14  29  f  3
15  29  f  3
30  29  f  3
31  29  f  3
21  30  f  4
5   30  f  4
20  31  f  4
4   31  f  4
13  32  f  5
29  32  f  5
12  33  f  5
28  33  f  5
24  34  f  6
25  34  f  6
8   34  f  6
9   34  f  6
0   35  f  7
1   35  f  7
16  35  f  7
17  35  f  7
23  36  f  0
7   36  f  0
22  37  f  0
6   37  f  0
15  38  f  1
31  38  f  1
14  39  f  1
30  39  f  1
10  40  f  2
11  40  f  2
26  40  f  2
27  40  f  2
18  41  f  3
19  41  f  3
2   41  f  3
3   41  f  3
25  42  f  4
9   42  f  4
24  43  f  4
8   43  f  4
1   44  f  5
17  44  f  5
0   45  f  5
16  45  f  5
12  46  f  6
13  46  f  6
28  46  f  6
29  46  f  6
20  47  f  7
21  47  f  7
4   47  f  7
5   47  f  7
12  48  f  0
28  48  f  0
13  49  f  0
29  49  f  0
20  50  f  1
4   50  f  1
21  51  f  1
5   51  f  1
24  52  f  2
25  52  f  2
8   52  f  2
9   52  f  2
0   53  f  3
1   53  f  3
16  53  f  3
17  53  f  3
14  54  f  4
30  54  f  4
15  55  f  4
31  55  f  4
22  56  f  5
6   56  f  5
23  57  f  5
7   57  f  5
10  58  f  6
11  58  f  6
26  58  f  6
27  58  f  6
18  59  f  7
19  59  f  7
2   59  f  7
3   59  f  7
0   60  f  0
16  60  f  0
1   61  f  0
17  61  f  0
24  62  f  1
8   62  f  1
25  63  f  1
9   63  f  1
12  64  f  2
13  64  f  2
28  64  f  2
29  64  f  2
20  65  f  3
21  65  f  3
4   65  f  3
5   65  f  3
18  66  f  4
2   66  f  4
19  67  f  4
3   67  f  4
10  68  f  5
26  68  f  5
11  69  f  5
27  69  f  5
14  70  f  6
15  70  f  6
30  70  f  6
31  70  f  6
22  71  f  7
23  71  f  7
6   71  f  7
7   71  f  7
15  72  f  0
31  72  f  0
14  73  f  0
30  73  f  0
23  74  f  1
7   74  f  1
22  75  f  1
6   75  f  1
10  76  f  2
11  76  f  2
26  76  f  2
27  76  f  2
18  77  f  3
19  77  f  3
2   77  f  3
3   77  f  3
17  78  f  4
1   78  f  4
0   79  f  4
16  79  f  4
25  80  f  5
9   80  f  5
24  81  f  5
8   81  f  5
12  82  f  6
13  82  f  6
28  82  f  6
29  82  f  6
20  83  f  7
21  83  f  7
4   83  f  7
5   83  f  7
19  84  f  0
3   84  f  0
18  85  f  0
2   85  f  0
11  86  f  1
27  86  f  1
10  87  f  1
26  87  f  1
14  88  f  2
15  88  f  2
30  88  f  2
31  88  f  2
22  89  f  3
23  89  f  3
6   89  f  3
7   89  f  3
21  90  f  4
5   90  f  4
20  91  f  4
4   91  f  4
13  92  f  5
29  92  f  5
12  93  f  5
28  93  f  5
0   94  f  6
16  94  f  6
17  94  f  6
1   94  f  6
24  95  f  7
25  95  f  7
8   95  f  7
9   95  f  7
