0   11  3 0x88
0   21  6 0x8C
0   29  1 0x89
0   38  4 0x89
0   55  2 0x86
0   70  7 0x82
0   72  0 0x83
0   88  5 0x83
1   11  3 0x88
1   20  6 0x88
1   29  1 0x89
1   39  4 0x8D
1   54  2 0x82
1   70  7 0x86
1   73  0 0x87
1   88  5 0x87
2   15  4 0x8C
2   32  2 0x89
2   46  7 0x85
2   49  0 0x86
2   5   1 0x8C
2   64  5 0x86
2   82  3 0x87
2   92  6 0x8b
3   14  4 0x88
3   33  2 0x8D
3   46  7 0x85
3   48  0 0x82
3   5   1 0x8C
3   64  5 0x86
3   82  3 0x87
3   93  6 0x8F
4   22  7 0x84
4   26  0 0x89
4   40  5 0x85
4   58  3 0x86
4   69  6 0x8E
4   76  1 0x87
4   86  4 0x8b
4   9   2 0x8C
5   22  7 0x84
5   27  0 0x8D
5   40  5 0x85
5   58  3 0x86
5   68  6 0x8a
5   76  1 0x87
5   8   2 0x88
5   87  4 0x8F
6   16  5 0x84
6   3   0 0x8C
6   34  3 0x85
6   42  6 0x81
6   52  1 0x86
6   63  4 0x8E
6   80  2 0x8b
6   95  7 0x8F
7   16  5 0x84
7   2   0 0x88
7   34  3 0x85
7   43  6 0x85
7   52  1 0x86
7   62  4 0x8a
7   81  2 0x8F
7   95  7 0x8F
8   10  3 0x84
8   19  6 0x84
8   28  1 0x85
8   36  4 0x81
8   57  2 0x8E
8   71  7 0x8E
8   74  0 0x8b
8   89  5 0x8F
9   10  3 0x84
9   18  6 0x80
9   28  1 0x85
9   37  4 0x85
9   56  2 0x8a
9   71  7 0x8E
9   75  0 0x8F
9   89  5 0x8F
10  13  4 0x84
10  30  2 0x81
10  4   1 0x80
10  47  7 0x89
10  51  0 0x8E
10  65  5 0x8a
10  83  3 0x8b
10  90  6 0x83
11  12  4 0x80
11  31  2 0x85
11  4   1 0x80
11  47  7 0x89
11  50  0 0x8a
11  65  5 0x8a
11  83  3 0x8b
11  91  6 0x87
12  23  7 0x88
12  24  0 0x81
12  41  5 0x89
12  59  3 0x8a
12  67  6 0x86
12  7   2 0x84
12  77  1 0x8b
12  84  4 0x83
13  23  7 0x88
13  25  0 0x85
13  41  5 0x89
13  59  3 0x8a
13  6   2 0x80
13  66  6 0x82
13  77  1 0x8b
13  85  4 0x87
14  1   0 0x84
14  17  5 0x88
14  35  3 0x89
14  44  6 0x89
14  53  1 0x8a
14  61  4 0x86
14  78  2 0x83
14  94  7 0x83
15  0   0 0x80
15  17  5 0x88
15  35  3 0x89
15  45  6 0x8D
15  53  1 0x8a
15  60  4 0x82
15  79  2 0x87
15  94  7 0x83
16  11  3 0xB4
16  21  6 0xB4
16  29  1 0xB5
16  38  4 0xB1
16  55  2 0xAE
16  70  7 0xAA
16  72  0 0xAB
16  88  5 0xAB
17  11  3 0xB4
17  20  6 0xB0
17  29  1 0xB5
17  39  4 0xB5
17  54  2 0xAA
17  70  7 0xAE
17  73  0 0xAF
17  88  5 0xAF
18  15  4 0xB4
18  32  2 0xB1
18  46  7 0xA9
18  49  0 0xAE
18  5   1 0xB0
18  64  5 0xAA
18  82  3 0xAB
18  92  6 0xB3
19  14  4 0xB0
19  33  2 0xB5
19  46  7 0xA9
19  48  0 0xAA
19  5   1 0xB0
19  64  5 0xAA
19  82  3 0xAB
19  93  6 0xB7
20  22  7 0xA8
20  26  0 0xB1
20  40  5 0xA9
20  58  3 0xAA
20  69  6 0xB6
20  76  1 0xAB
20  86  4 0xB3
20  9   2 0xB4
21  22  7 0xA8
21  27  0 0xB5
21  40  5 0xA9
21  58  3 0xAA
21  68  6 0xB2
21  76  1 0xAB
21  8   2 0xB0
21  87  4 0xB7
22  16  5 0xA8
22  3   0 0xB4
22  34  3 0xA9
22  42  6 0xA9
22  52  1 0xAA
22  63  4 0xB6
22  80  2 0xB3
22  95  7 0xB3
23  16  5 0xA8
23  2   0 0xB0
23  34  3 0xA9
23  43  6 0xAD
23  52  1 0xAA
23  62  4 0xB2
23  81  2 0xB7
23  95  7 0xB3
24  10  3 0xA8
24  19  6 0xAC
24  28  1 0xA9
24  36  4 0xA9
24  57  2 0xB6
24  71  7 0xB2
24  74  0 0xB3
24  89  5 0xB3
25  10  3 0xA8
25  18  6 0xA8
25  28  1 0xA9
25  37  4 0xAD
25  56  2 0xB2
25  71  7 0xB2
25  75  0 0xB7
25  89  5 0xB3
26  13  4 0xAC
26  30  2 0xA9
26  4   1 0xAC
26  47  7 0xB5
26  51  0 0xB6
26  65  5 0xB6
26  83  3 0xB7
26  90  6 0xAB
27  12  4 0xA8
27  31  2 0xAD
27  4   1 0xAC
27  47  7 0xB5
27  50  0 0xB2
27  65  5 0xB6
27  83  3 0xB7
27  91  6 0xAF
28  23  7 0xB4
28  24  0 0xA9
28  41  5 0xB5
28  59  3 0xB6
28  67  6 0xAE
28  7   2 0xAC
28  77  1 0xB7
28  84  4 0xAB
29  23  7 0xB4
29  25  0 0xAD
29  41  5 0xB5
29  59  3 0xB6
29  6   2 0xA8
29  66  6 0xAA
29  77  1 0xB7
29  85  4 0xAF
30  1   0 0xAC
30  17  5 0xB4
30  35  3 0xB5
30  44  6 0xB1
30  53  1 0xB6
30  61  4 0xAE
30  78  2 0xAB
30  94  7 0xAF
31  0   0 0xA8
31  17  5 0xB4
31  35  3 0xB5
31  45  6 0xB5
31  53  1 0xB6
31  60  4 0xAA
31  79  2 0xAF
31  94  7 0xAF
