15  0   b  0
31  0   b  0
14  1   b  0
30  1   b  0
23  2   b  1
7   2   b  1
22  3   b  1
6   3   b  1
10  4   b  2
11  4   b  2
26  4   b  2
27  4   b  2
18  5   b  3
19  5   b  3
2   5   b  3
3   5   b  3
13  6   b  4
29  6   b  4
12  7   b  4
28  7   b  4
21  8   b  5
5   8   b  5
20  9   b  5
4   9   b  5
24  10  b  6
25  10  b  6
8   10  b  6
9   10  b  6
0   11  b  7
1   11  b  7
16  11  b  7
17  11  b  7
11  12  b  0
27  12  b  0
10  13  b  0
26  13  b  0
19  14  b  1
3   14  b  1
18  15  b  1
2   15  b  1
22  16  b  2
23  16  b  2
6   16  b  2
7   16  b  2
14  17  b  3
15  17  b  3
30  17  b  3
31  17  b  3
25  18  b  4
9   18  b  4
24  19  b  4
8   19  b  4
1   20  b  5
17  20  b  5
0   21  b  5
16  21  b  5
20  22  b  6
21  22  b  6
4   22  b  6
5   22  b  6
12  23  b  7
13  23  b  7
28  23  b  7
29  23  b  7
12  24  b  0
28  24  b  0
13  25  b  0
29  25  b  0
20  26  b  1
4   26  b  1
21  27  b  1
5   27  b  1
24  28  b  2
25  28  b  2
8   28  b  2
9   28  b  2
0   29  b  3
1   29  b  3
16  29  b  3
17  29  b  3
10  30  b  4
26  30  b  4
11  31  b  4
27  31  b  4
18  32  b  5
2   32  b  5
19  33  b  5
3   33  b  5
22  34  b  6
23  34  b  6
6   34  b  6
7   34  b  6
14  35  b  7
15  35  b  7
30  35  b  7
31  35  b  7
24  36  b  0
8   36  b  0
25  37  b  0
9   37  b  0
0   38  b  1
16  38  b  1
1   39  b  1
17  39  b  1
20  40  b  2
21  40  b  2
4   40  b  2
5   40  b  2
12  41  b  3
13  41  b  3
28  41  b  3
29  41  b  3
22  42  b  4
6   42  b  4
23  43  b  4
7   43  b  4
14  44  b  5
30  44  b  5
15  45  b  5
31  45  b  5
18  46  b  6
19  46  b  6
2   46  b  6
3   46  b  6
10  47  b  7
11  47  b  7
26  47  b  7
27  47  b  7
19  48  b  0
3   48  b  0
18  49  b  0
2   49  b  0
11  50  b  1
27  50  b  1
10  51  b  1
26  51  b  1
22  52  b  2
23  52  b  2
6   52  b  2
7   52  b  2
14  53  b  3
15  53  b  3
30  53  b  3
31  53  b  3
1   54  b  4
17  54  b  4
0   55  b  4
16  55  b  4
25  56  b  5
9   56  b  5
24  57  b  5
8   57  b  5
20  58  b  6
21  58  b  6
4   58  b  6
5   58  b  6
12  59  b  7
13  59  b  7
28  59  b  7
29  59  b  7
15  60  b  0
31  60  b  0
14  61  b  0
30  61  b  0
23  62  b  1
7   62  b  1
22  63  b  1
6   63  b  1
18  64  b  2
19  64  b  2
2   64  b  2
3   64  b  2
10  65  b  3
11  65  b  3
26  65  b  3
27  65  b  3
13  66  b  4
29  66  b  4
12  67  b  4
28  67  b  4
21  68  b  5
5   68  b  5
20  69  b  5
4   69  b  5
0   70  b  6
16  70  b  6
1   70  b  6
17  70  b  6
24  71  b  7
25  71  b  7
8   71  b  7
9   71  b  7
0   72  b  0
16  72  b  0
1   73  b  0
17  73  b  0
24  74  b  1
8   74  b  1
25  75  b  1
9   75  b  1
20  76  b  2
21  76  b  2
4   76  b  2
5   76  b  2
12  77  b  3
13  77  b  3
28  77  b  3
29  77  b  3
14  78  b  4
30  78  b  4
15  79  b  4
31  79  b  4
22  80  b  5
6   80  b  5
23  81  b  5
7   81  b  5
18  82  b  6
19  82  b  6
2   82  b  6
3   82  b  6
10  83  b  7
11  83  b  7
26  83  b  7
27  83  b  7
12  84  b  0
28  84  b  0
13  85  b  0
29  85  b  0
20  86  b  1
4   86  b  1
21  87  b  1
5   87  b  1
0   88  b  2
16  88  b  2
17  88  b  2
1   88  b  2
24  89  b  3
25  89  b  3
8   89  b  3
9   89  b  3
10  90  b  4
26  90  b  4
11  91  b  4
27  91  b  4
18  92  b  5
2   92  b  5
19  93  b  5
3   93  b  5
14  94  b  6
15  94  b  6
30  94  b  6
31  94  b  6
22  95  b  7
23  95  b  7
6   95  b  7
7   95  b  7
