15  0   f  0
31  0   f  0
14  1   f  0
30  1   f  0
23  2   f  1
7   2   f  1
22  3   f  1
6   3   f  1
10  4   f  2
11  4   f  2
26  4   f  2
27  4   f  2
18  5   f  3
19  5   f  3
2   5   f  3
3   5   f  3
13  6   f  4
29  6   f  4
12  7   f  4
28  7   f  4
21  8   f  5
5   8   f  5
20  9   f  5
4   9   f  5
24  10  f  6
25  10  f  6
8   10  f  6
9   10  f  6
0   11  f  7
1   11  f  7
16  11  f  7
17  11  f  7
11  12  f  0
27  12  f  0
10  13  f  0
26  13  f  0
19  14  f  1
3   14  f  1
18  15  f  1
2   15  f  1
22  16  f  2
23  16  f  2
6   16  f  2
7   16  f  2
14  17  f  3
15  17  f  3
30  17  f  3
31  17  f  3
25  18  f  4
9   18  f  4
24  19  f  4
8   19  f  4
1   20  f  5
17  20  f  5
0   21  f  5
16  21  f  5
20  22  f  6
21  22  f  6
4   22  f  6
5   22  f  6
12  23  f  7
13  23  f  7
28  23  f  7
29  23  f  7
12  24  f  0
28  24  f  0
13  25  f  0
29  25  f  0
20  26  f  1
4   26  f  1
21  27  f  1
5   27  f  1
24  28  f  2
25  28  f  2
8   28  f  2
9   28  f  2
0   29  f  3
1   29  f  3
16  29  f  3
17  29  f  3
10  30  f  4
26  30  f  4
11  31  f  4
27  31  f  4
18  32  f  5
2   32  f  5
19  33  f  5
3   33  f  5
22  34  f  6
23  34  f  6
6   34  f  6
7   34  f  6
14  35  f  7
15  35  f  7
30  35  f  7
31  35  f  7
24  36  f  0
8   36  f  0
25  37  f  0
9   37  f  0
0   38  f  1
16  38  f  1
1   39  f  1
17  39  f  1
20  40  f  2
21  40  f  2
4   40  f  2
5   40  f  2
12  41  f  3
13  41  f  3
28  41  f  3
29  41  f  3
22  42  f  4
6   42  f  4
23  43  f  4
7   43  f  4
14  44  f  5
30  44  f  5
15  45  f  5
31  45  f  5
18  46  f  6
19  46  f  6
2   46  f  6
3   46  f  6
10  47  f  7
11  47  f  7
26  47  f  7
27  47  f  7
19  48  f  0
3   48  f  0
18  49  f  0
2   49  f  0
11  50  f  1
27  50  f  1
10  51  f  1
26  51  f  1
22  52  f  2
23  52  f  2
6   52  f  2
7   52  f  2
14  53  f  3
15  53  f  3
30  53  f  3
31  53  f  3
1   54  f  4
17  54  f  4
0   55  f  4
16  55  f  4
25  56  f  5
9   56  f  5
24  57  f  5
8   57  f  5
20  58  f  6
21  58  f  6
4   58  f  6
5   58  f  6
12  59  f  7
13  59  f  7
28  59  f  7
29  59  f  7
15  60  f  0
31  60  f  0
14  61  f  0
30  61  f  0
23  62  f  1
7   62  f  1
22  63  f  1
6   63  f  1
18  64  f  2
19  64  f  2
2   64  f  2
3   64  f  2
10  65  f  3
11  65  f  3
26  65  f  3
27  65  f  3
13  66  f  4
29  66  f  4
12  67  f  4
28  67  f  4
21  68  f  5
5   68  f  5
20  69  f  5
4   69  f  5
0   70  f  6
16  70  f  6
1   70  f  6
17  70  f  6
24  71  f  7
25  71  f  7
8   71  f  7
9   71  f  7
0   72  f  0
16  72  f  0
1   73  f  0
17  73  f  0
24  74  f  1
8   74  f  1
25  75  f  1
9   75  f  1
20  76  f  2
21  76  f  2
4   76  f  2
5   76  f  2
12  77  f  3
13  77  f  3
28  77  f  3
29  77  f  3
14  78  f  4
30  78  f  4
15  79  f  4
31  79  f  4
22  80  f  5
6   80  f  5
23  81  f  5
7   81  f  5
18  82  f  6
19  82  f  6
2   82  f  6
3   82  f  6
10  83  f  7
11  83  f  7
26  83  f  7
27  83  f  7
12  84  f  0
28  84  f  0
13  85  f  0
29  85  f  0
20  86  f  1
4   86  f  1
21  87  f  1
5   87  f  1
0   88  f  2
16  88  f  2
17  88  f  2
1   88  f  2
24  89  f  3
25  89  f  3
8   89  f  3
9   89  f  3
10  90  f  4
26  90  f  4
11  91  f  4
27  91  f  4
18  92  f  5
2   92  f  5
19  93  f  5
3   93  f  5
14  94  f  6
15  94  f  6
30  94  f  6
31  94  f  6
22  95  f  7
23  95  f  7
6   95  f  7
7   95  f  7
